,Name,Adress,Rating,URL,RoomType,RoomSize,Price
0,Royal Crown Hotel & Spa,"City Center, Old Market Area, Street 7 Markara, Siem Reap, Cambodia",8.2,https://www.booking.com/hotel/kh/royal-crown-amp-spa.en-gb.html?aid=356980&label=gog235jc-1FCAsoeEITcm95YWwtY3Jvd24tYW1wLXNwYUgzWANoeIgBAZgBCbgBF8gBDNgBAegBAfgBDIgCAagCA7gC4ObYogbAAgHSAiRmZjA3NTliNi04ZDdlLTRiNDYtODMwOS1iZWI4YzBhOWU5NzbYAgbgAgE&sid=42cbc141abd816955d8fbe7ce58d0863&checkin_month=10&checkin_monthday=13&checkin_year=2023&checkout_month=10&checkout_monthday=14&checkout_year=2023&dist=0&do_availability_check=1&group_adults=2&group_children=0&hp_avform=1&hp_group_set=0&no_rooms=1&origin=hp&sb_price_type=total&src=hotel&stay_on_hp=1&type=total&#availability_target,Deluxe King Room,35 m²,"KHR 207,915"
1,Royal Crown Hotel & Spa,"City Center, Old Market Area, Street 7 Markara, Siem Reap, Cambodia",8.2,https://www.booking.com/hotel/kh/royal-crown-amp-spa.en-gb.html?aid=356980&label=gog235jc-1FCAsoeEITcm95YWwtY3Jvd24tYW1wLXNwYUgzWANoeIgBAZgBCbgBF8gBDNgBAegBAfgBDIgCAagCA7gC4ObYogbAAgHSAiRmZjA3NTliNi04ZDdlLTRiNDYtODMwOS1iZWI4YzBhOWU5NzbYAgbgAgE&sid=42cbc141abd816955d8fbe7ce58d0863&checkin_month=10&checkin_monthday=13&checkin_year=2023&checkout_month=10&checkout_monthday=14&checkout_year=2023&dist=0&do_availability_check=1&group_adults=2&group_children=0&hp_avform=1&hp_group_set=0&no_rooms=1&origin=hp&sb_price_type=total&src=hotel&stay_on_hp=1&type=total&#availability_target,Deluxe King Room,35 m²,"KHR 217,320"
2,Royal Crown Hotel & Spa,"City Center, Old Market Area, Street 7 Markara, Siem Reap, Cambodia",8.2,https://www.booking.com/hotel/kh/royal-crown-amp-spa.en-gb.html?aid=356980&label=gog235jc-1FCAsoeEITcm95YWwtY3Jvd24tYW1wLXNwYUgzWANoeIgBAZgBCbgBF8gBDNgBAegBAfgBDIgCAagCA7gC4ObYogbAAgHSAiRmZjA3NTliNi04ZDdlLTRiNDYtODMwOS1iZWI4YzBhOWU5NzbYAgbgAgE&sid=42cbc141abd816955d8fbe7ce58d0863&checkin_month=10&checkin_monthday=13&checkin_year=2023&checkout_month=10&checkout_monthday=14&checkout_year=2023&dist=0&do_availability_check=1&group_adults=2&group_children=0&hp_avform=1&hp_group_set=0&no_rooms=1&origin=hp&sb_price_type=total&src=hotel&stay_on_hp=1&type=total&#availability_target,Deluxe King Room,35 m²,"KHR 221,776"
3,Royal Crown Hotel & Spa,"City Center, Old Market Area, Street 7 Markara, Siem Reap, Cambodia",8.2,https://www.booking.com/hotel/kh/royal-crown-amp-spa.en-gb.html?aid=356980&label=gog235jc-1FCAsoeEITcm95YWwtY3Jvd24tYW1wLXNwYUgzWANoeIgBAZgBCbgBF8gBDNgBAegBAfgBDIgCAagCA7gC4ObYogbAAgHSAiRmZjA3NTliNi04ZDdlLTRiNDYtODMwOS1iZWI4YzBhOWU5NzbYAgbgAgE&sid=42cbc141abd816955d8fbe7ce58d0863&checkin_month=10&checkin_monthday=13&checkin_year=2023&checkout_month=10&checkout_monthday=14&checkout_year=2023&dist=0&do_availability_check=1&group_adults=2&group_children=0&hp_avform=1&hp_group_set=0&no_rooms=1&origin=hp&sb_price_type=total&src=hotel&stay_on_hp=1&type=total&#availability_target,Deluxe King Room,35 m²,"KHR 223,343"
4,Royal Crown Hotel & Spa,"City Center, Old Market Area, Street 7 Markara, Siem Reap, Cambodia",8.2,https://www.booking.com/hotel/kh/royal-crown-amp-spa.en-gb.html?aid=356980&label=gog235jc-1FCAsoeEITcm95YWwtY3Jvd24tYW1wLXNwYUgzWANoeIgBAZgBCbgBF8gBDNgBAegBAfgBDIgCAagCA7gC4ObYogbAAgHSAiRmZjA3NTliNi04ZDdlLTRiNDYtODMwOS1iZWI4YzBhOWU5NzbYAgbgAgE&sid=42cbc141abd816955d8fbe7ce58d0863&checkin_month=10&checkin_monthday=13&checkin_year=2023&checkout_month=10&checkout_monthday=14&checkout_year=2023&dist=0&do_availability_check=1&group_adults=2&group_children=0&hp_avform=1&hp_group_set=0&no_rooms=1&origin=hp&sb_price_type=total&src=hotel&stay_on_hp=1&type=total&#availability_target,Deluxe Twin Room,35 m²,"KHR 207,915"
5,Royal Crown Hotel & Spa,"City Center, Old Market Area, Street 7 Markara, Siem Reap, Cambodia",8.2,https://www.booking.com/hotel/kh/royal-crown-amp-spa.en-gb.html?aid=356980&label=gog235jc-1FCAsoeEITcm95YWwtY3Jvd24tYW1wLXNwYUgzWANoeIgBAZgBCbgBF8gBDNgBAegBAfgBDIgCAagCA7gC4ObYogbAAgHSAiRmZjA3NTliNi04ZDdlLTRiNDYtODMwOS1iZWI4YzBhOWU5NzbYAgbgAgE&sid=42cbc141abd816955d8fbe7ce58d0863&checkin_month=10&checkin_monthday=13&checkin_year=2023&checkout_month=10&checkout_monthday=14&checkout_year=2023&dist=0&do_availability_check=1&group_adults=2&group_children=0&hp_avform=1&hp_group_set=0&no_rooms=1&origin=hp&sb_price_type=total&src=hotel&stay_on_hp=1&type=total&#availability_target,Deluxe Twin Room,35 m²,"KHR 217,320"
6,Royal Crown Hotel & Spa,"City Center, Old Market Area, Street 7 Markara, Siem Reap, Cambodia",8.2,https://www.booking.com/hotel/kh/royal-crown-amp-spa.en-gb.html?aid=356980&label=gog235jc-1FCAsoeEITcm95YWwtY3Jvd24tYW1wLXNwYUgzWANoeIgBAZgBCbgBF8gBDNgBAegBAfgBDIgCAagCA7gC4ObYogbAAgHSAiRmZjA3NTliNi04ZDdlLTRiNDYtODMwOS1iZWI4YzBhOWU5NzbYAgbgAgE&sid=42cbc141abd816955d8fbe7ce58d0863&checkin_month=10&checkin_monthday=13&checkin_year=2023&checkout_month=10&checkout_monthday=14&checkout_year=2023&dist=0&do_availability_check=1&group_adults=2&group_children=0&hp_avform=1&hp_group_set=0&no_rooms=1&origin=hp&sb_price_type=total&src=hotel&stay_on_hp=1&type=total&#availability_target,Deluxe Twin Room,35 m²,"KHR 221,776"
7,Royal Crown Hotel & Spa,"City Center, Old Market Area, Street 7 Markara, Siem Reap, Cambodia",8.2,https://www.booking.com/hotel/kh/royal-crown-amp-spa.en-gb.html?aid=356980&label=gog235jc-1FCAsoeEITcm95YWwtY3Jvd24tYW1wLXNwYUgzWANoeIgBAZgBCbgBF8gBDNgBAegBAfgBDIgCAagCA7gC4ObYogbAAgHSAiRmZjA3NTliNi04ZDdlLTRiNDYtODMwOS1iZWI4YzBhOWU5NzbYAgbgAgE&sid=42cbc141abd816955d8fbe7ce58d0863&checkin_month=10&checkin_monthday=13&checkin_year=2023&checkout_month=10&checkout_monthday=14&checkout_year=2023&dist=0&do_availability_check=1&group_adults=2&group_children=0&hp_avform=1&hp_group_set=0&no_rooms=1&origin=hp&sb_price_type=total&src=hotel&stay_on_hp=1&type=total&#availability_target,Deluxe Twin Room,35 m²,"KHR 223,343"
8,Royal Crown Hotel & Spa,"City Center, Old Market Area, Street 7 Markara, Siem Reap, Cambodia",8.2,https://www.booking.com/hotel/kh/royal-crown-amp-spa.en-gb.html?aid=356980&label=gog235jc-1FCAsoeEITcm95YWwtY3Jvd24tYW1wLXNwYUgzWANoeIgBAZgBCbgBF8gBDNgBAegBAfgBDIgCAagCA7gC4ObYogbAAgHSAiRmZjA3NTliNi04ZDdlLTRiNDYtODMwOS1iZWI4YzBhOWU5NzbYAgbgAgE&sid=42cbc141abd816955d8fbe7ce58d0863&checkin_month=10&checkin_monthday=13&checkin_year=2023&checkout_month=10&checkout_monthday=14&checkout_year=2023&dist=0&do_availability_check=1&group_adults=2&group_children=0&hp_avform=1&hp_group_set=0&no_rooms=1&origin=hp&sb_price_type=total&src=hotel&stay_on_hp=1&type=total&#availability_target,Deluxe King Room with Balcony,45 m²,"KHR 231,016"
9,Royal Crown Hotel & Spa,"City Center, Old Market Area, Street 7 Markara, Siem Reap, Cambodia",8.2,https://www.booking.com/hotel/kh/royal-crown-amp-spa.en-gb.html?aid=356980&label=gog235jc-1FCAsoeEITcm95YWwtY3Jvd24tYW1wLXNwYUgzWANoeIgBAZgBCbgBF8gBDNgBAegBAfgBDIgCAagCA7gC4ObYogbAAgHSAiRmZjA3NTliNi04ZDdlLTRiNDYtODMwOS1iZWI4YzBhOWU5NzbYAgbgAgE&sid=42cbc141abd816955d8fbe7ce58d0863&checkin_month=10&checkin_monthday=13&checkin_year=2023&checkout_month=10&checkout_monthday=14&checkout_year=2023&dist=0&do_availability_check=1&group_adults=2&group_children=0&hp_avform=1&hp_group_set=0&no_rooms=1&origin=hp&sb_price_type=total&src=hotel&stay_on_hp=1&type=total&#availability_target,Deluxe King Room with Balcony,45 m²,"KHR 240,628"
10,Royal Crown Hotel & Spa,"City Center, Old Market Area, Street 7 Markara, Siem Reap, Cambodia",8.2,https://www.booking.com/hotel/kh/royal-crown-amp-spa.en-gb.html?aid=356980&label=gog235jc-1FCAsoeEITcm95YWwtY3Jvd24tYW1wLXNwYUgzWANoeIgBAZgBCbgBF8gBDNgBAegBAfgBDIgCAagCA7gC4ObYogbAAgHSAiRmZjA3NTliNi04ZDdlLTRiNDYtODMwOS1iZWI4YzBhOWU5NzbYAgbgAgE&sid=42cbc141abd816955d8fbe7ce58d0863&checkin_month=10&checkin_monthday=13&checkin_year=2023&checkout_month=10&checkout_monthday=14&checkout_year=2023&dist=0&do_availability_check=1&group_adults=2&group_children=0&hp_avform=1&hp_group_set=0&no_rooms=1&origin=hp&sb_price_type=total&src=hotel&stay_on_hp=1&type=total&#availability_target,Deluxe King Room with Balcony,45 m²,"KHR 245,537"
11,Royal Crown Hotel & Spa,"City Center, Old Market Area, Street 7 Markara, Siem Reap, Cambodia",8.2,https://www.booking.com/hotel/kh/royal-crown-amp-spa.en-gb.html?aid=356980&label=gog235jc-1FCAsoeEITcm95YWwtY3Jvd24tYW1wLXNwYUgzWANoeIgBAZgBCbgBF8gBDNgBAegBAfgBDIgCAagCA7gC4ObYogbAAgHSAiRmZjA3NTliNi04ZDdlLTRiNDYtODMwOS1iZWI4YzBhOWU5NzbYAgbgAgE&sid=42cbc141abd816955d8fbe7ce58d0863&checkin_month=10&checkin_monthday=13&checkin_year=2023&checkout_month=10&checkout_monthday=14&checkout_year=2023&dist=0&do_availability_check=1&group_adults=2&group_children=0&hp_avform=1&hp_group_set=0&no_rooms=1&origin=hp&sb_price_type=total&src=hotel&stay_on_hp=1&type=total&#availability_target,Deluxe King Room with Balcony,45 m²,"KHR 247,105"
12,Royal Crown Hotel & Spa,"City Center, Old Market Area, Street 7 Markara, Siem Reap, Cambodia",8.2,https://www.booking.com/hotel/kh/royal-crown-amp-spa.en-gb.html?aid=356980&label=gog235jc-1FCAsoeEITcm95YWwtY3Jvd24tYW1wLXNwYUgzWANoeIgBAZgBCbgBF8gBDNgBAegBAfgBDIgCAagCA7gC4ObYogbAAgHSAiRmZjA3NTliNi04ZDdlLTRiNDYtODMwOS1iZWI4YzBhOWU5NzbYAgbgAgE&sid=42cbc141abd816955d8fbe7ce58d0863&checkin_month=10&checkin_monthday=13&checkin_year=2023&checkout_month=10&checkout_monthday=14&checkout_year=2023&dist=0&do_availability_check=1&group_adults=2&group_children=0&hp_avform=1&hp_group_set=0&no_rooms=1&origin=hp&sb_price_type=total&src=hotel&stay_on_hp=1&type=total&#availability_target,Deluxe Twin Room with Balcony,40 m²,"KHR 231,016"
13,Royal Crown Hotel & Spa,"City Center, Old Market Area, Street 7 Markara, Siem Reap, Cambodia",8.2,https://www.booking.com/hotel/kh/royal-crown-amp-spa.en-gb.html?aid=356980&label=gog235jc-1FCAsoeEITcm95YWwtY3Jvd24tYW1wLXNwYUgzWANoeIgBAZgBCbgBF8gBDNgBAegBAfgBDIgCAagCA7gC4ObYogbAAgHSAiRmZjA3NTliNi04ZDdlLTRiNDYtODMwOS1iZWI4YzBhOWU5NzbYAgbgAgE&sid=42cbc141abd816955d8fbe7ce58d0863&checkin_month=10&checkin_monthday=13&checkin_year=2023&checkout_month=10&checkout_monthday=14&checkout_year=2023&dist=0&do_availability_check=1&group_adults=2&group_children=0&hp_avform=1&hp_group_set=0&no_rooms=1&origin=hp&sb_price_type=total&src=hotel&stay_on_hp=1&type=total&#availability_target,Deluxe Twin Room with Balcony,40 m²,"KHR 240,628"
14,Royal Crown Hotel & Spa,"City Center, Old Market Area, Street 7 Markara, Siem Reap, Cambodia",8.2,https://www.booking.com/hotel/kh/royal-crown-amp-spa.en-gb.html?aid=356980&label=gog235jc-1FCAsoeEITcm95YWwtY3Jvd24tYW1wLXNwYUgzWANoeIgBAZgBCbgBF8gBDNgBAegBAfgBDIgCAagCA7gC4ObYogbAAgHSAiRmZjA3NTliNi04ZDdlLTRiNDYtODMwOS1iZWI4YzBhOWU5NzbYAgbgAgE&sid=42cbc141abd816955d8fbe7ce58d0863&checkin_month=10&checkin_monthday=13&checkin_year=2023&checkout_month=10&checkout_monthday=14&checkout_year=2023&dist=0&do_availability_check=1&group_adults=2&group_children=0&hp_avform=1&hp_group_set=0&no_rooms=1&origin=hp&sb_price_type=total&src=hotel&stay_on_hp=1&type=total&#availability_target,Deluxe Twin Room with Balcony,40 m²,"KHR 245,537"
15,Royal Crown Hotel & Spa,"City Center, Old Market Area, Street 7 Markara, Siem Reap, Cambodia",8.2,https://www.booking.com/hotel/kh/royal-crown-amp-spa.en-gb.html?aid=356980&label=gog235jc-1FCAsoeEITcm95YWwtY3Jvd24tYW1wLXNwYUgzWANoeIgBAZgBCbgBF8gBDNgBAegBAfgBDIgCAagCA7gC4ObYogbAAgHSAiRmZjA3NTliNi04ZDdlLTRiNDYtODMwOS1iZWI4YzBhOWU5NzbYAgbgAgE&sid=42cbc141abd816955d8fbe7ce58d0863&checkin_month=10&checkin_monthday=13&checkin_year=2023&checkout_month=10&checkout_monthday=14&checkout_year=2023&dist=0&do_availability_check=1&group_adults=2&group_children=0&hp_avform=1&hp_group_set=0&no_rooms=1&origin=hp&sb_price_type=total&src=hotel&stay_on_hp=1&type=total&#availability_target,Deluxe Twin Room with Balcony,40 m²,"KHR 247,105"
16,Royal Crown Hotel & Spa,"City Center, Old Market Area, Street 7 Markara, Siem Reap, Cambodia",8.2,https://www.booking.com/hotel/kh/royal-crown-amp-spa.en-gb.html?aid=356980&label=gog235jc-1FCAsoeEITcm95YWwtY3Jvd24tYW1wLXNwYUgzWANoeIgBAZgBCbgBF8gBDNgBAegBAfgBDIgCAagCA7gC4ObYogbAAgHSAiRmZjA3NTliNi04ZDdlLTRiNDYtODMwOS1iZWI4YzBhOWU5NzbYAgbgAgE&sid=42cbc141abd816955d8fbe7ce58d0863&checkin_month=10&checkin_monthday=13&checkin_year=2023&checkout_month=10&checkout_monthday=14&checkout_year=2023&dist=0&do_availability_check=1&group_adults=2&group_children=0&hp_avform=1&hp_group_set=0&no_rooms=1&origin=hp&sb_price_type=total&src=hotel&stay_on_hp=1&type=total&#availability_target,Deluxe Double Room with Pool View,40 m²,"KHR 256,139"
17,Royal Crown Hotel & Spa,"City Center, Old Market Area, Street 7 Markara, Siem Reap, Cambodia",8.2,https://www.booking.com/hotel/kh/royal-crown-amp-spa.en-gb.html?aid=356980&label=gog235jc-1FCAsoeEITcm95YWwtY3Jvd24tYW1wLXNwYUgzWANoeIgBAZgBCbgBF8gBDNgBAegBAfgBDIgCAagCA7gC4ObYogbAAgHSAiRmZjA3NTliNi04ZDdlLTRiNDYtODMwOS1iZWI4YzBhOWU5NzbYAgbgAgE&sid=42cbc141abd816955d8fbe7ce58d0863&checkin_month=10&checkin_monthday=13&checkin_year=2023&checkout_month=10&checkout_monthday=14&checkout_year=2023&dist=0&do_availability_check=1&group_adults=2&group_children=0&hp_avform=1&hp_group_set=0&no_rooms=1&origin=hp&sb_price_type=total&src=hotel&stay_on_hp=1&type=total&#availability_target,Deluxe Double Room with Pool View,40 m²,"KHR 261,378"
18,Royal Crown Hotel & Spa,"City Center, Old Market Area, Street 7 Markara, Siem Reap, Cambodia",8.2,https://www.booking.com/hotel/kh/royal-crown-amp-spa.en-gb.html?aid=356980&label=gog235jc-1FCAsoeEITcm95YWwtY3Jvd24tYW1wLXNwYUgzWANoeIgBAZgBCbgBF8gBDNgBAegBAfgBDIgCAagCA7gC4ObYogbAAgHSAiRmZjA3NTliNi04ZDdlLTRiNDYtODMwOS1iZWI4YzBhOWU5NzbYAgbgAgE&sid=42cbc141abd816955d8fbe7ce58d0863&checkin_month=10&checkin_monthday=13&checkin_year=2023&checkout_month=10&checkout_monthday=14&checkout_year=2023&dist=0&do_availability_check=1&group_adults=2&group_children=0&hp_avform=1&hp_group_set=0&no_rooms=1&origin=hp&sb_price_type=total&src=hotel&stay_on_hp=1&type=total&#availability_target,Deluxe Double Room with Pool View,40 m²,"KHR 262,946"
19,Royal Crown Hotel & Spa,"City Center, Old Market Area, Street 7 Markara, Siem Reap, Cambodia",8.2,https://www.booking.com/hotel/kh/royal-crown-amp-spa.en-gb.html?aid=356980&label=gog235jc-1FCAsoeEITcm95YWwtY3Jvd24tYW1wLXNwYUgzWANoeIgBAZgBCbgBF8gBDNgBAegBAfgBDIgCAagCA7gC4ObYogbAAgHSAiRmZjA3NTliNi04ZDdlLTRiNDYtODMwOS1iZWI4YzBhOWU5NzbYAgbgAgE&sid=42cbc141abd816955d8fbe7ce58d0863&checkin_month=10&checkin_monthday=13&checkin_year=2023&checkout_month=10&checkout_monthday=14&checkout_year=2023&dist=0&do_availability_check=1&group_adults=2&group_children=0&hp_avform=1&hp_group_set=0&no_rooms=1&origin=hp&sb_price_type=total&src=hotel&stay_on_hp=1&type=total&#availability_target,Royal Crown Suite,50 m²,"KHR 302,714"
20,Royal Crown Hotel & Spa,"City Center, Old Market Area, Street 7 Markara, Siem Reap, Cambodia",8.2,https://www.booking.com/hotel/kh/royal-crown-amp-spa.en-gb.html?aid=356980&label=gog235jc-1FCAsoeEITcm95YWwtY3Jvd24tYW1wLXNwYUgzWANoeIgBAZgBCbgBF8gBDNgBAegBAfgBDIgCAagCA7gC4ObYogbAAgHSAiRmZjA3NTliNi04ZDdlLTRiNDYtODMwOS1iZWI4YzBhOWU5NzbYAgbgAgE&sid=42cbc141abd816955d8fbe7ce58d0863&checkin_month=10&checkin_monthday=13&checkin_year=2023&checkout_month=10&checkout_monthday=14&checkout_year=2023&dist=0&do_availability_check=1&group_adults=2&group_children=0&hp_avform=1&hp_group_set=0&no_rooms=1&origin=hp&sb_price_type=total&src=hotel&stay_on_hp=1&type=total&#availability_target,Royal Crown Suite,50 m²,"KHR 308,902"
21,Royal Crown Hotel & Spa,"City Center, Old Market Area, Street 7 Markara, Siem Reap, Cambodia",8.2,https://www.booking.com/hotel/kh/royal-crown-amp-spa.en-gb.html?aid=356980&label=gog235jc-1FCAsoeEITcm95YWwtY3Jvd24tYW1wLXNwYUgzWANoeIgBAZgBCbgBF8gBDNgBAegBAfgBDIgCAagCA7gC4ObYogbAAgHSAiRmZjA3NTliNi04ZDdlLTRiNDYtODMwOS1iZWI4YzBhOWU5NzbYAgbgAgE&sid=42cbc141abd816955d8fbe7ce58d0863&checkin_month=10&checkin_monthday=13&checkin_year=2023&checkout_month=10&checkout_monthday=14&checkout_year=2023&dist=0&do_availability_check=1&group_adults=2&group_children=0&hp_avform=1&hp_group_set=0&no_rooms=1&origin=hp&sb_price_type=total&src=hotel&stay_on_hp=1&type=total&#availability_target,Royal Crown Suite,50 m²,"KHR 310,222"
22,Royal Crown Hotel & Spa,"City Center, Old Market Area, Street 7 Markara, Siem Reap, Cambodia",8.2,https://www.booking.com/hotel/kh/royal-crown-amp-spa.en-gb.html?aid=356980&label=gog235jc-1FCAsoeEITcm95YWwtY3Jvd24tYW1wLXNwYUgzWANoeIgBAZgBCbgBF8gBDNgBAegBAfgBDIgCAagCA7gC4ObYogbAAgHSAiRmZjA3NTliNi04ZDdlLTRiNDYtODMwOS1iZWI4YzBhOWU5NzbYAgbgAgE&sid=42cbc141abd816955d8fbe7ce58d0863&checkin_month=10&checkin_monthday=13&checkin_year=2023&checkout_month=10&checkout_monthday=14&checkout_year=2023&dist=0&do_availability_check=1&group_adults=2&group_children=0&hp_avform=1&hp_group_set=0&no_rooms=1&origin=hp&sb_price_type=total&src=hotel&stay_on_hp=1&type=total&#availability_target,Royal Crown Suite,50 m²,"KHR 310,469"
23,Royal Crown Hotel & Spa,"City Center, Old Market Area, Street 7 Markara, Siem Reap, Cambodia",8.2,https://www.booking.com/hotel/kh/royal-crown-amp-spa.en-gb.html?aid=356980&label=gog235jc-1FCAsoeEITcm95YWwtY3Jvd24tYW1wLXNwYUgzWANoeIgBAZgBCbgBF8gBDNgBAegBAfgBDIgCAagCA7gC4ObYogbAAgHSAiRmZjA3NTliNi04ZDdlLTRiNDYtODMwOS1iZWI4YzBhOWU5NzbYAgbgAgE&sid=42cbc141abd816955d8fbe7ce58d0863&checkin_month=10&checkin_monthday=13&checkin_year=2023&checkout_month=10&checkout_monthday=14&checkout_year=2023&dist=0&do_availability_check=1&group_adults=2&group_children=0&hp_avform=1&hp_group_set=0&no_rooms=1&origin=hp&sb_price_type=total&src=hotel&stay_on_hp=1&type=total&#availability_target,Executive Suite,50 m²,"KHR 333,777"
24,Royal Crown Hotel & Spa,"City Center, Old Market Area, Street 7 Markara, Siem Reap, Cambodia",8.2,https://www.booking.com/hotel/kh/royal-crown-amp-spa.en-gb.html?aid=356980&label=gog235jc-1FCAsoeEITcm95YWwtY3Jvd24tYW1wLXNwYUgzWANoeIgBAZgBCbgBF8gBDNgBAegBAfgBDIgCAagCA7gC4ObYogbAAgHSAiRmZjA3NTliNi04ZDdlLTRiNDYtODMwOS1iZWI4YzBhOWU5NzbYAgbgAgE&sid=42cbc141abd816955d8fbe7ce58d0863&checkin_month=10&checkin_monthday=13&checkin_year=2023&checkout_month=10&checkout_monthday=14&checkout_year=2023&dist=0&do_availability_check=1&group_adults=2&group_children=0&hp_avform=1&hp_group_set=0&no_rooms=1&origin=hp&sb_price_type=total&src=hotel&stay_on_hp=1&type=total&#availability_target,Executive Suite,50 m²,"KHR 340,584"
25,Royal Crown Hotel & Spa,"City Center, Old Market Area, Street 7 Markara, Siem Reap, Cambodia",8.2,https://www.booking.com/hotel/kh/royal-crown-amp-spa.en-gb.html?aid=356980&label=gog235jc-1FCAsoeEITcm95YWwtY3Jvd24tYW1wLXNwYUgzWANoeIgBAZgBCbgBF8gBDNgBAegBAfgBDIgCAagCA7gC4ObYogbAAgHSAiRmZjA3NTliNi04ZDdlLTRiNDYtODMwOS1iZWI4YzBhOWU5NzbYAgbgAgE&sid=42cbc141abd816955d8fbe7ce58d0863&checkin_month=10&checkin_monthday=13&checkin_year=2023&checkout_month=10&checkout_monthday=14&checkout_year=2023&dist=0&do_availability_check=1&group_adults=2&group_children=0&hp_avform=1&hp_group_set=0&no_rooms=1&origin=hp&sb_price_type=total&src=hotel&stay_on_hp=1&type=total&#availability_target,Executive Suite,50 m²,"KHR 342,152"
26,Royal Crown Hotel & Spa,"City Center, Old Market Area, Street 7 Markara, Siem Reap, Cambodia",8.2,https://www.booking.com/hotel/kh/royal-crown-amp-spa.en-gb.html?aid=356980&label=gog235jc-1FCAsoeEITcm95YWwtY3Jvd24tYW1wLXNwYUgzWANoeIgBAZgBCbgBF8gBDNgBAegBAfgBDIgCAagCA7gC4ObYogbAAgHSAiRmZjA3NTliNi04ZDdlLTRiNDYtODMwOS1iZWI4YzBhOWU5NzbYAgbgAgE&sid=42cbc141abd816955d8fbe7ce58d0863&checkin_month=10&checkin_monthday=13&checkin_year=2023&checkout_month=10&checkout_monthday=14&checkout_year=2023&dist=0&do_availability_check=1&group_adults=2&group_children=0&hp_avform=1&hp_group_set=0&no_rooms=1&origin=hp&sb_price_type=total&src=hotel&stay_on_hp=1&type=total&#availability_target,Penthouse Suite,60 m²,"KHR 429,030"
27,Royal Crown Hotel & Spa,"City Center, Old Market Area, Street 7 Markara, Siem Reap, Cambodia",8.2,https://www.booking.com/hotel/kh/royal-crown-amp-spa.en-gb.html?aid=356980&label=gog235jc-1FCAsoeEITcm95YWwtY3Jvd24tYW1wLXNwYUgzWANoeIgBAZgBCbgBF8gBDNgBAegBAfgBDIgCAagCA7gC4ObYogbAAgHSAiRmZjA3NTliNi04ZDdlLTRiNDYtODMwOS1iZWI4YzBhOWU5NzbYAgbgAgE&sid=42cbc141abd816955d8fbe7ce58d0863&checkin_month=10&checkin_monthday=13&checkin_year=2023&checkout_month=10&checkout_monthday=14&checkout_year=2023&dist=0&do_availability_check=1&group_adults=2&group_children=0&hp_avform=1&hp_group_set=0&no_rooms=1&origin=hp&sb_price_type=total&src=hotel&stay_on_hp=1&type=total&#availability_target,Penthouse Suite,60 m²,"KHR 465,745"
28,Royal Crown Hotel & Spa,"City Center, Old Market Area, Street 7 Markara, Siem Reap, Cambodia",8.2,https://www.booking.com/hotel/kh/royal-crown-amp-spa.en-gb.html?aid=356980&label=gog235jc-1FCAsoeEITcm95YWwtY3Jvd24tYW1wLXNwYUgzWANoeIgBAZgBCbgBF8gBDNgBAegBAfgBDIgCAagCA7gC4ObYogbAAgHSAiRmZjA3NTliNi04ZDdlLTRiNDYtODMwOS1iZWI4YzBhOWU5NzbYAgbgAgE&sid=42cbc141abd816955d8fbe7ce58d0863&checkin_month=10&checkin_monthday=13&checkin_year=2023&checkout_month=10&checkout_monthday=14&checkout_year=2023&dist=0&do_availability_check=1&group_adults=2&group_children=0&hp_avform=1&hp_group_set=0&no_rooms=1&origin=hp&sb_price_type=total&src=hotel&stay_on_hp=1&type=total&#availability_target,Penthouse Suite,60 m²,"KHR 475,233"
29,Royal Crown Hotel & Spa,"City Center, Old Market Area, Street 7 Markara, Siem Reap, Cambodia",8.2,https://www.booking.com/hotel/kh/royal-crown-amp-spa.en-gb.html?aid=356980&label=gog235jc-1FCAsoeEITcm95YWwtY3Jvd24tYW1wLXNwYUgzWANoeIgBAZgBCbgBF8gBDNgBAegBAfgBDIgCAagCA7gC4ObYogbAAgHSAiRmZjA3NTliNi04ZDdlLTRiNDYtODMwOS1iZWI4YzBhOWU5NzbYAgbgAgE&sid=42cbc141abd816955d8fbe7ce58d0863&checkin_month=10&checkin_monthday=13&checkin_year=2023&checkout_month=10&checkout_monthday=14&checkout_year=2023&dist=0&do_availability_check=1&group_adults=2&group_children=0&hp_avform=1&hp_group_set=0&no_rooms=1&origin=hp&sb_price_type=total&src=hotel&stay_on_hp=1&type=total&#availability_target,Penthouse Suite,60 m²,"KHR 476,801"
30,Royal Crown Hotel & Spa,"City Center, Old Market Area, Street 7 Markara, Siem Reap, Cambodia",8.2,https://www.booking.com/hotel/kh/royal-crown-amp-spa.en-gb.html?aid=356980&label=gog235jc-1FCAsoeEITcm95YWwtY3Jvd24tYW1wLXNwYUgzWANoeIgBAZgBCbgBF8gBDNgBAegBAfgBDIgCAagCA7gC4ObYogbAAgHSAiRmZjA3NTliNi04ZDdlLTRiNDYtODMwOS1iZWI4YzBhOWU5NzbYAgbgAgE&sid=42cbc141abd816955d8fbe7ce58d0863&checkin_month=10&checkin_monthday=13&checkin_year=2023&checkout_month=10&checkout_monthday=14&checkout_year=2023&dist=0&do_availability_check=1&group_adults=2&group_children=0&hp_avform=1&hp_group_set=0&no_rooms=1&origin=hp&sb_price_type=total&src=hotel&stay_on_hp=1&type=total&#availability_target,Special Group Offer (5 Rooms),35 m²,"KHR 1,039,573"
31,Royal Crown Hotel & Spa,"City Center, Old Market Area, Street 7 Markara, Siem Reap, Cambodia",8.2,https://www.booking.com/hotel/kh/royal-crown-amp-spa.en-gb.html?aid=356980&label=gog235jc-1FCAsoeEITcm95YWwtY3Jvd24tYW1wLXNwYUgzWANoeIgBAZgBCbgBF8gBDNgBAegBAfgBDIgCAagCA7gC4ObYogbAAgHSAiRmZjA3NTliNi04ZDdlLTRiNDYtODMwOS1iZWI4YzBhOWU5NzbYAgbgAgE&sid=42cbc141abd816955d8fbe7ce58d0863&checkin_month=10&checkin_monthday=13&checkin_year=2023&checkout_month=10&checkout_monthday=14&checkout_year=2023&dist=0&do_availability_check=1&group_adults=2&group_children=0&hp_avform=1&hp_group_set=0&no_rooms=1&origin=hp&sb_price_type=total&src=hotel&stay_on_hp=1&type=total&#availability_target,Special Group Offer (5 Rooms),35 m²,"KHR 1,047,906"
32,Royal Crown Hotel & Spa,"City Center, Old Market Area, Street 7 Markara, Siem Reap, Cambodia",8.2,https://www.booking.com/hotel/kh/royal-crown-amp-spa.en-gb.html?aid=356980&label=gog235jc-1FCAsoeEITcm95YWwtY3Jvd24tYW1wLXNwYUgzWANoeIgBAZgBCbgBF8gBDNgBAegBAfgBDIgCAagCA7gC4ObYogbAAgHSAiRmZjA3NTliNi04ZDdlLTRiNDYtODMwOS1iZWI4YzBhOWU5NzbYAgbgAgE&sid=42cbc141abd816955d8fbe7ce58d0863&checkin_month=10&checkin_monthday=13&checkin_year=2023&checkout_month=10&checkout_monthday=14&checkout_year=2023&dist=0&do_availability_check=1&group_adults=2&group_children=0&hp_avform=1&hp_group_set=0&no_rooms=1&origin=hp&sb_price_type=total&src=hotel&stay_on_hp=1&type=total&#availability_target,Special Group Offer (5 Rooms),35 m²,"KHR 1,069,275"
33,Royal Crown Hotel & Spa,"City Center, Old Market Area, Street 7 Markara, Siem Reap, Cambodia",8.2,https://www.booking.com/hotel/kh/royal-crown-amp-spa.en-gb.html?aid=356980&label=gog235jc-1FCAsoeEITcm95YWwtY3Jvd24tYW1wLXNwYUgzWANoeIgBAZgBCbgBF8gBDNgBAegBAfgBDIgCAagCA7gC4ObYogbAAgHSAiRmZjA3NTliNi04ZDdlLTRiNDYtODMwOS1iZWI4YzBhOWU5NzbYAgbgAgE&sid=42cbc141abd816955d8fbe7ce58d0863&checkin_month=10&checkin_monthday=13&checkin_year=2023&checkout_month=10&checkout_monthday=14&checkout_year=2023&dist=0&do_availability_check=1&group_adults=2&group_children=0&hp_avform=1&hp_group_set=0&no_rooms=1&origin=hp&sb_price_type=total&src=hotel&stay_on_hp=1&type=total&#availability_target,Special Group Offer (5 Rooms),35 m²,"KHR 1,070,843"
34,Royal Crown Hotel & Spa,"City Center, Old Market Area, Street 7 Markara, Siem Reap, Cambodia",8.2,https://www.booking.com/hotel/kh/royal-crown-amp-spa.en-gb.html?aid=356980&label=gog235jc-1FCAsoeEITcm95YWwtY3Jvd24tYW1wLXNwYUgzWANoeIgBAZgBCbgBF8gBDNgBAegBAfgBDIgCAagCA7gC4ObYogbAAgHSAiRmZjA3NTliNi04ZDdlLTRiNDYtODMwOS1iZWI4YzBhOWU5NzbYAgbgAgE&sid=42cbc141abd816955d8fbe7ce58d0863&checkin_month=10&checkin_monthday=13&checkin_year=2023&checkout_month=10&checkout_monthday=14&checkout_year=2023&dist=0&do_availability_check=1&group_adults=2&group_children=0&hp_avform=1&hp_group_set=0&no_rooms=1&origin=hp&sb_price_type=total&src=hotel&stay_on_hp=1&type=total&#availability_target,Single Room,35 m²,"KHR 191,413"
35,Royal Crown Hotel & Spa,"City Center, Old Market Area, Street 7 Markara, Siem Reap, Cambodia",8.2,https://www.booking.com/hotel/kh/royal-crown-amp-spa.en-gb.html?aid=356980&label=gog235jc-1FCAsoeEITcm95YWwtY3Jvd24tYW1wLXNwYUgzWANoeIgBAZgBCbgBF8gBDNgBAegBAfgBDIgCAagCA7gC4ObYogbAAgHSAiRmZjA3NTliNi04ZDdlLTRiNDYtODMwOS1iZWI4YzBhOWU5NzbYAgbgAgE&sid=42cbc141abd816955d8fbe7ce58d0863&checkin_month=10&checkin_monthday=13&checkin_year=2023&checkout_month=10&checkout_monthday=14&checkout_year=2023&dist=0&do_availability_check=1&group_adults=2&group_children=0&hp_avform=1&hp_group_set=0&no_rooms=1&origin=hp&sb_price_type=total&src=hotel&stay_on_hp=1&type=total&#availability_target,Single Room,35 m²,"KHR 209,565"
36,Royal Crown Hotel & Spa,"City Center, Old Market Area, Street 7 Markara, Siem Reap, Cambodia",8.2,https://www.booking.com/hotel/kh/royal-crown-amp-spa.en-gb.html?aid=356980&label=gog235jc-1FCAsoeEITcm95YWwtY3Jvd24tYW1wLXNwYUgzWANoeIgBAZgBCbgBF8gBDNgBAegBAfgBDIgCAagCA7gC4ObYogbAAgHSAiRmZjA3NTliNi04ZDdlLTRiNDYtODMwOS1iZWI4YzBhOWU5NzbYAgbgAgE&sid=42cbc141abd816955d8fbe7ce58d0863&checkin_month=10&checkin_monthday=13&checkin_year=2023&checkout_month=10&checkout_monthday=14&checkout_year=2023&dist=0&do_availability_check=1&group_adults=2&group_children=0&hp_avform=1&hp_group_set=0&no_rooms=1&origin=hp&sb_price_type=total&src=hotel&stay_on_hp=1&type=total&#availability_target,Single Room,35 m²,"KHR 213,855"
37,Royal Crown Hotel & Spa,"City Center, Old Market Area, Street 7 Markara, Siem Reap, Cambodia",8.2,https://www.booking.com/hotel/kh/royal-crown-amp-spa.en-gb.html?aid=356980&label=gog235jc-1FCAsoeEITcm95YWwtY3Jvd24tYW1wLXNwYUgzWANoeIgBAZgBCbgBF8gBDNgBAegBAfgBDIgCAagCA7gC4ObYogbAAgHSAiRmZjA3NTliNi04ZDdlLTRiNDYtODMwOS1iZWI4YzBhOWU5NzbYAgbgAgE&sid=42cbc141abd816955d8fbe7ce58d0863&checkin_month=10&checkin_monthday=13&checkin_year=2023&checkout_month=10&checkout_monthday=14&checkout_year=2023&dist=0&do_availability_check=1&group_adults=2&group_children=0&hp_avform=1&hp_group_set=0&no_rooms=1&origin=hp&sb_price_type=total&src=hotel&stay_on_hp=1&type=total&#availability_target,Single Room,35 m²,"KHR 215,423"
